// This module contains the arctangent lookup table for the CORDIC algorithm.
// Generated by ../python/atan_lut.py

module atan_lut(output reg [18:0] atan_table [0:15]);
    initial begin
        atan_table[0] = 19'd92160; // atan(2^-0) * 2^11 ,45.0 in degree
        atan_table[1] = 19'd54405; // atan(2^-1) * 2^11 ,26.565051177077994 in degree
        atan_table[2] = 19'd28746; // atan(2^-2) * 2^11 ,14.036243467926479 in degree
        atan_table[3] = 19'd14592; // atan(2^-3) * 2^11 ,7.125016348901798 in degree
        atan_table[4] = 19'd7324; // atan(2^-4) * 2^11 ,3.576334374997351 in degree
        atan_table[5] = 19'd3665; // atan(2^-5) * 2^11 ,1.7899106082460694 in degree
        atan_table[6] = 19'd1833; // atan(2^-6) * 2^11 ,0.8951737102110744 in degree
        atan_table[7] = 19'd916; // atan(2^-7) * 2^11 ,0.4476141708605531 in degree
        atan_table[8] = 19'd458; // atan(2^-8) * 2^11 ,0.22381050036853808 in degree
        atan_table[9] = 19'd229; // atan(2^-9) * 2^11 ,0.1119056770662069 in degree
        atan_table[10] = 19'd114; // atan(2^-10) * 2^11 ,0.055952891893803675 in degree
        atan_table[11] = 19'd57; // atan(2^-11) * 2^11 ,0.027976452617003676 in degree
        atan_table[12] = 19'd28; // atan(2^-12) * 2^11 ,0.013988227142265016 in degree
        atan_table[13] = 19'd14; // atan(2^-13) * 2^11 ,0.006994113675352919 in degree
        atan_table[14] = 19'd7; // atan(2^-14) * 2^11 ,0.003497056850704011 in degree
        atan_table[15] = 19'd3; // atan(2^-15) * 2^11 ,0.0017485284269804495 in degree
    end
endmodule
