// This module contains the arctangent lookup table for the CORDIC algorithm.
// Generated by ../python/atan_lut.py

module atan_lut(output reg [14:0] atan_table [0:11]);
    initial begin
        atan_table[0] = 15'd5760; // atan(2^-0) * 2^7 ,45.0 in degree
        atan_table[1] = 15'd3400; // atan(2^-1) * 2^7 ,26.565051177077994 in degree
        atan_table[2] = 15'd1796; // atan(2^-2) * 2^7 ,14.036243467926479 in degree
        atan_table[3] = 15'd912; // atan(2^-3) * 2^7 ,7.125016348901798 in degree
        atan_table[4] = 15'd457; // atan(2^-4) * 2^7 ,3.576334374997351 in degree
        atan_table[5] = 15'd229; // atan(2^-5) * 2^7 ,1.7899106082460694 in degree
        atan_table[6] = 15'd114; // atan(2^-6) * 2^7 ,0.8951737102110744 in degree
        atan_table[7] = 15'd57; // atan(2^-7) * 2^7 ,0.4476141708605531 in degree
        atan_table[8] = 15'd28; // atan(2^-8) * 2^7 ,0.22381050036853808 in degree
        atan_table[9] = 15'd14; // atan(2^-9) * 2^7 ,0.1119056770662069 in degree
        atan_table[10] = 15'd7; // atan(2^-10) * 2^7 ,0.055952891893803675 in degree
        atan_table[11] = 15'd3; // atan(2^-11) * 2^7 ,0.027976452617003676 in degree
    end
endmodule
